h6666 6   6 6666 6666 66666 6666 6666   6666 66666 66666 66666 666h
h6    6   6 6  6 6  6   6   6    6   6     6 66  6 66  6 66  6 666h
h 66  66666 6  6 6  6   6   66   6666    666 6 6 6 6 6 6 6 6 6h
h   6 6   6 6  6 6  6   6   6    6  6      6 6  66 6  66 6  66 666h
h6666 6   6 6666 6666   6   6666 6   6  6666 66666 66666 66666 666 h
h66666666666666666666666666666666666666666666666666666666666666h
h   h
h    6666   66666     66666   66666   h 
h      6    6   6     666     6    6   h
h     6     6  66       666   6    6  h
h    6666 6 666666 6  66666 6 66666    h
h        66       66       66            h         
h                                              h   
h 6666  66666 6    6 66666    66666 66666   6666  66666 6666  6        66    66666 66666 6666h
h 6   6 6   6 6    6 6    6   6     6       6   6 6     6   6 6       6  6   6     6     6   6h
h 6666  6   6 6    6 66666     66   666     6   6 666   6666  6       6666   6     666   6666 h
h 6     6   6 6    6 6   6       66 6       6   6 6     6     6      6    6  6     6     6  6 h
h 6     66666 666666 6    6   6666  66666   6666  66666 6     66666 6      6 66666 66666 6   6h
h
h
h66666  6 66666           66666   6666 6666      66     66666 66666h
h  6      6    6          6      6     6   6    6  6    6     6h
h  6    6 66666    6666   66      66   6666    6    6   6     66h
h  6    6 6   6           6         66 6      66666666  6     6h
h  6    6 6    6   6666   66666  6666  6     6        6 66666 66666h
h 
h   
h
h66   6    6  6 66666    66666 6  6 6666 6666   6   6 6   6   6   6     66     6   6   66666  66666h
h 6   6    6  6   6   66   6   6  6 6    6   6  6   6 66  6   66 66    6  6     6 6    6    6 6h
h 6   666  6  6   6        6   6  6 66   6666   6   6 6 6 6   6 6 6   6    6     6     6    6 66h
h 6   6  6 6  6   6   66   6   6  6 6    6  6   6   6 6  66   6   6  66666666   6 6    6    6 6h
h666  666  6666   6        6   6666 6666 6   6  66666 6   6   6   6 6        6 6   6   66666  66666h
hh
hh
h             6     6    66      6    66666 66666 6666     66     6    6 6   6   66                      h
h              6   6    6  6         66    66     6       6  6    6    6  6 6    66                       h 
h              6   6   6    6    6     66   66    66     6    6   6    6   6     66                  h
h               6 6   66666666   6      66    66  6     66666666  6    6  6 6                        h
h                6   6        6  6  66666  66666  6666 6        6 666666 6   6   66                  h
h
h