h                    6666666   66666666   6666666    6666666666   6666666666
h                    66     6  66      6  66        666          666
h                    6666666   66      6  66666     666          666
h                    66        6666666    66666      666666666    6666666666
h                    66        66    66   66                666           666
h                    66        66     66  6666666   6666666666    6666666666
h
h                   66666666666   6666666       6666       666666666  6666666
h                  666            66     6     66  66      66         66
h                  666            6666666     66    66     66         66666
h                   66666666666   66         6666666666    66         66666
h                            666  66        66        66   66         66
h                   66666666666   66       66          66  666666666  6666666
h
h
h
h
h
h
h
